c0 = -0.026084
c1 = 0.332246685
c2 = 0.000000000000
c3 = 0.000000000000000

Energy (keV) = -0.026084 + 0.332246685*channel + 0.000000000000*channel^2

RMS error: 0.427 keV
