c0 = 1.129543
c1 = 0.332189283
c2 = 0.000000000000
c3 = 0.000000000000000

Energy (keV) = 1.129543 + 0.332189283*channel + 0.000000000000*channel^2

RMS error: 0.493 keV
